1 -30.00 0.00 0 0
2 -29.50 0.00 0.00 0.00
3 -29.00 0.00 0.00 0.00
4 -28.50 0.00 0.00 0.00
5 -28.00 0.00 0.00 0.00
6 -27.50 0.00 0.00 0.00
7 -27.00 0.00 0.00 0.00
8 -26.50 0.00 0.00 0.00
9 -26.00 0.00 0.00 0.00
10 -25.50 0.00 0.00 0.00
11 -25.00 0.00 0.00 0.00
12 -24.50 0.00 0.00 0.00
13 -24.00 0.00 0.00 0.00
14 -23.50 0.00 0.00 0.00
15 -23.00 0.00 0.00 0.00
16 -22.50 0.00 0.00 0.00
17 -22.00 0.00 0.00 0.00
18 -21.50 0.00 0.00 0.00
19 -21.00 0.00 0.00 0.00
20 -20.50 0.00 0.00 0.00
21 -20.00 0.00 0.00 0.00
22 -19.50 0.00 0.00 0.00
23 -19.00 0.00 0.00 0.00
24 -18.50 0.00 0.00 0.00
25 -18.00 0.00 0.00 0.00
26 -17.50 0.00 0.00 0.00
27 -17.00 0.00 0.00 0.00
28 -16.50 0.00 0.00 0.00
29 -16.00 0.00 0.00 0.00
30 -15.50 0.00 0.00 0.00
30 -15.50 0.00 0.00 0.00